              precision    recall  f1-score   support

           A       0.98      0.99      0.99       465
           B       1.00      1.00      1.00       469
           C       0.98      0.99      0.99       445
           D       0.99      0.99      0.99       550
           E       0.98      0.99      0.99       461
           F       0.99      1.00      1.00       586
           G       0.99      0.99      0.99       521
           H       0.98      0.98      0.98       506
           I       1.00      0.99      0.99       494
           J       1.00      0.98      0.99       530
           K       0.97      0.98      0.97       551
           L       0.99      1.00      0.99       537
           M       0.95      0.94      0.94       337
           N       0.94      0.92      0.93       258
           O       0.99      0.99      0.99       486
           P       0.98      0.98      0.98       424
           Q       0.98      0.99      0.98       438
           R       0.97      0.94      0.95       524
           S       0.98      0.99      0.98       512
           T       1.00      0.98      0.99       476
           U       0.89      0.93      0.91       513
           V       0.96      0.93      0.95       520
           W       0.99      1.00      0.99       512
           X       0.99      0.98      0.99       444
           Y       1.00      1.00      1.00       532
           Z       1.00      0.99      1.00       481

    accuracy                           0.98     12572
   macro avg       0.98      0.98      0.98     12572
weighted avg       0.98      0.98      0.98     12572
