              precision    recall  f1-score   support

           A       0.41      0.67      0.51       465
           B       0.53      0.70      0.61       469
           C       0.78      0.45      0.57       445
           D       0.83      0.63      0.72       550
           E       0.21      0.50      0.30       461
           F       0.93      0.72      0.81       586
           G       0.79      0.69      0.74       521
           H       0.71      0.57      0.63       506
           I       0.50      0.47      0.48       494
           J       0.73      0.60      0.66       530
           K       0.33      0.51      0.40       551
           L       0.62      0.65      0.63       537
           M       0.42      0.28      0.33       337
           N       0.41      0.70      0.52       258
           O       0.58      0.73      0.64       486
           P       0.68      0.63      0.65       424
           Q       0.75      0.63      0.68       438
           R       0.36      0.34      0.35       524
           S       0.26      0.30      0.28       512
           T       0.71      0.38      0.49       476
           U       0.18      0.04      0.06       513
           V       0.35      0.62      0.45       520
           W       0.60      0.26      0.37       512
           X       0.44      0.24      0.31       444
           Y       0.47      0.46      0.47       532
           Z       0.60      0.49      0.54       481

    accuracy                           0.51     12572
   macro avg       0.54      0.51      0.51     12572
weighted avg       0.55      0.51      0.51     12572
