              precision    recall  f1-score   support

           A       0.99      0.99      0.99       465
           B       0.99      1.00      0.99       469
           C       0.99      1.00      0.99       445
           D       0.99      0.99      0.99       550
           E       0.98      0.99      0.98       461
           F       0.99      1.00      0.99       586
           G       0.99      0.99      0.99       521
           H       0.99      0.98      0.98       506
           I       1.00      1.00      1.00       494
           J       0.99      0.98      0.99       530
           K       0.99      0.99      0.99       551
           L       1.00      0.99      0.99       537
           M       0.95      0.96      0.96       337
           N       0.96      0.93      0.94       258
           O       0.98      0.99      0.98       486
           P       0.99      0.99      0.99       424
           Q       0.99      1.00      0.99       438
           R       0.99      0.96      0.97       524
           S       0.99      0.98      0.98       512
           T       0.99      0.99      0.99       476
           U       0.95      0.96      0.96       513
           V       0.97      0.98      0.98       520
           W       0.99      1.00      0.99       512
           X       0.98      1.00      0.99       444
           Y       1.00      1.00      1.00       532
           Z       1.00      0.99      0.99       481

    accuracy                           0.99     12572
   macro avg       0.99      0.99      0.99     12572
weighted avg       0.99      0.99      0.99     12572
