              precision    recall  f1-score   support

           A       1.00      1.00      1.00       465
           B       0.99      1.00      1.00       469
           C       0.99      1.00      1.00       445
           D       1.00      0.99      0.99       550
           E       1.00      0.99      0.99       461
           F       1.00      0.99      1.00       586
           G       1.00      0.99      1.00       521
           H       0.98      0.99      0.99       506
           I       0.99      1.00      0.99       494
           J       1.00      0.99      0.99       530
           K       0.99      0.98      0.99       551
           L       1.00      1.00      1.00       537
           M       0.94      0.96      0.95       337
           N       0.96      0.93      0.95       258
           O       0.99      1.00      0.99       486
           P       1.00      0.98      0.99       424
           Q       0.98      1.00      0.99       438
           R       0.98      0.96      0.97       524
           S       0.99      1.00      0.99       512
           T       1.00      0.99      0.99       476
           U       0.97      0.98      0.98       513
           V       0.98      0.98      0.98       520
           W       0.98      0.99      0.99       512
           X       0.98      1.00      0.99       444
           Y       1.00      1.00      1.00       532
           Z       1.00      0.99      1.00       481

    accuracy                           0.99     12572
   macro avg       0.99      0.99      0.99     12572
weighted avg       0.99      0.99      0.99     12572
